LEVEL: level10
Wall384,232,240,8
Wall208,328,32,8
Wall232,304,8,16
Wall184,304,8,16
Wall208,184,32,8
Wall184,208,8,16
Wall232,208,8,16
Wall592,184,32,8
Wall568,208,8,16
Wall616,208,8,16
Wall592,328,32,8
Wall616,304,8,16
Wall568,304,8,16
Wall416,280,240,8
Hero396,28
Wall376,272,8,144
Wall424,240,8,144
Wall328,352,8,32
Wall352,328,16,8
Wall352,376,16,8
Wall472,352,8,32
Wall448,328,16,8
Wall448,376,16,8
Wall352,136,16,8
Wall328,160,8,32
Wall352,184,16,8
Wall472,160,8,32
Wall448,136,16,8
Wall448,184,16,8
